0.0156473
0.0156473
0.0469419
0.0469419
0.0469419
0.0469419
0.0469419
0.0469419
0.0391182
0.0391182
0.0391182
0.0391182
0.0391182
0.219062
0.219062
0.219062
0.219062
0.219062
0.219062
0.219062
0.219062
0.219062
0.219062
0.219062
0.219062
0.219062
0.219062
0.219062
0.219062
0.219062
0.219062
0.219062
0.219062
0.219062
0.219062
0.219062
0.219062
0.219062
0.219062
0.219062
0.219062
0.266004
0.266004
0.266004
0.266004
0.266004
0.266004
0.266004
0.266004
0.266004
0.266004
0.266004
0.266004
0.266004
0.266004
0.266004
0.266004
0.266004
0.266004
0.266004
0.266004
0.266004
0.266004
0.266004
0.266004
0.266004
0.266004
0.266004
0.266004
0.266004
0.266004
0.266004
0.266004
0.266004
0.266004
0.125178
0.125178
0.125178
0.125178
0.125178
0.125178
0.125178
0.125178
0.125178
0.125178
0.125178
0.125178
0.125178
0.125178
0.125178
0.125178
0.0625892
0.0625892
0.0625892
0.0625892
0.0625892
0.0625892
0.0625892
0.0625892
-1.45682e+144
