0.0667411
0.0667411
0.0667411
0.0667411
0.0667411
0.240268
0.240268
0.240268
0.240268
0.240268
0.240268
0.240268
0.240268
0.240268
0.240268
0.240268
0.240268
0.240268
0.240268
0.240268
0.240268
0.240268
0.240268
0.360402
0.360402
0.360402
0.360402
0.360402
0.360402
0.360402
0.360402
0.360402
0.360402
0.360402
0.360402
0.360402
0.360402
0.360402
0.360402
0.360402
0.360402
0.360402
0.360402
0.360402
0.360402
0.360402
0.360402
0.360402
0.360402
0.360402
0.293661
0.293661
0.293661
0.293661
0.293661
0.293661
0.293661
0.293661
0.293661
0.293661
0.293661
0.293661
0.293661
0.293661
0.293661
0.293661
0.293661
0.293661
0.293661
0.293661
0.293661
0.293661
0.240268
0.240268
0.240268
0.240268
0.240268
0.240268
0.240268
0.240268
0.240268
0.240268
0.240268
0.240268
0.240268
0.240268
0.240268
0.240268
0.240268
0.240268
0.0667411
0.0667411
0.0667411
0.0667411
0.0667411
0.0667411
0.0667411
0.0667411
0.0667411
-1.45682e+144
