0.0041759
0.0292313
0.0292313
0.0292313
0.0292313
0.0292313
0.0292313
0.0292313
0.0709902
0.0709902
0.0709902
0.0709902
0.0709902
0.0709902
0.0709902
0.0709902
0.0709902
0.0709902
0.0709902
0.0709902
0.0709902
0.0709902
0.0709902
0.0709902
0.0709902
0.150332
0.150332
0.150332
0.150332
0.150332
0.150332
0.150332
0.150332
0.150332
0.150332
0.150332
0.150332
0.150332
0.150332
0.150332
0.150332
0.150332
0.150332
0.150332
0.150332
0.150332
0.150332
0.150332
0.150332
0.150332
0.150332
0.150332
0.150332
0.150332
0.150332
0.150332
0.150332
0.150332
0.150332
0.150332
0.150332
0.0918697
0.0918697
0.0918697
0.0918697
0.0918697
0.0918697
0.0918697
0.0918697
0.0918697
0.0918697
0.0918697
0.0918697
0.0918697
0.0918697
0.0918697
0.0918697
0.0918697
0.0918697
0.0918697
0.0918697
0.0918697
0.0918697
0.0542866
0.0542866
0.0542866
0.0542866
0.0542866
0.0542866
0.0542866
0.0542866
0.0542866
0.0542866
0.0542866
0.0542866
0.0542866
0.0167036
0.0167036
0.0167036
-1.45682e+144
