0.0165445
0.0165445
0.0165445
0.0165445
0.0992673
0.0992673
0.0992673
0.0992673
0.0992673
0.0992673
0.0992673
0.0992673
0.0992673
0.0992673
0.0992673
0.0992673
0.231624
0.231624
0.231624
0.231624
0.231624
0.231624
0.231624
0.231624
0.231624
0.231624
0.231624
0.231624
0.231624
0.231624
0.231624
0.231624
0.231624
0.231624
0.231624
0.231624
0.231624
0.231624
0.231624
0.231624
0.231624
0.231624
0.231624
0.231624
0.306074
0.306074
0.306074
0.306074
0.306074
0.306074
0.306074
0.306074
0.306074
0.306074
0.306074
0.306074
0.306074
0.306074
0.306074
0.306074
0.306074
0.306074
0.306074
0.306074
0.306074
0.306074
0.306074
0.306074
0.306074
0.306074
0.306074
0.306074
0.306074
0.306074
0.306074
0.306074
0.306074
0.306074
0.306074
0.306074
0.306074
0.124084
0.124084
0.124084
0.124084
0.124084
0.124084
0.124084
0.124084
0.124084
0.124084
0.124084
0.124084
0.124084
0.124084
0.124084
0.0330891
0.0330891
0.0330891
-1.45682e+144
