0.0347526
0.0347526
0.0347526
0.254853
0.254853
0.254853
0.254853
0.254853
0.254853
0.254853
0.254853
0.254853
0.254853
0.254853
0.254853
0.254853
0.254853
0.254853
0.254853
0.254853
0.254853
0.254853
0.254853
0.254853
0.254853
0.231684
0.231684
0.231684
0.231684
0.231684
0.231684
0.231684
0.231684
0.231684
0.231684
0.231684
0.231684
0.231684
0.231684
0.231684
0.231684
0.231684
0.231684
0.231684
0.231684
0.359111
0.359111
0.359111
0.359111
0.359111
0.359111
0.359111
0.359111
0.359111
0.359111
0.359111
0.359111
0.359111
0.359111
0.359111
0.359111
0.359111
0.359111
0.359111
0.359111
0.359111
0.359111
0.359111
0.359111
0.359111
0.359111
0.359111
0.359111
0.359111
0.359111
0.359111
0.208516
0.208516
0.208516
0.208516
0.208516
0.208516
0.208516
0.208516
0.208516
0.208516
0.208516
0.208516
0.208516
0.208516
0.208516
0.208516
0.208516
0.208516
0.0463369
0.0463369
0.0463369
0.0463369
0.0231684
-1.45682e+144
