0.0371783
0.0371783
0.0371783
0.161106
0.161106
0.161106
0.161106
0.161106
0.161106
0.161106
0.161106
0.161106
0.161106
0.161106
0.161106
0.161106
0.309819
0.309819
0.309819
0.309819
0.309819
0.309819
0.309819
0.309819
0.309819
0.309819
0.309819
0.309819
0.309819
0.309819
0.309819
0.309819
0.309819
0.309819
0.309819
0.309819
0.309819
0.309819
0.309819
0.309819
0.309819
0.371783
0.371783
0.371783
0.371783
0.371783
0.371783
0.371783
0.371783
0.371783
0.371783
0.371783
0.371783
0.371783
0.371783
0.371783
0.371783
0.371783
0.371783
0.371783
0.371783
0.371783
0.371783
0.371783
0.371783
0.371783
0.371783
0.371783
0.371783
0.371783
0.371783
0.235462
0.235462
0.235462
0.235462
0.235462
0.235462
0.235462
0.235462
0.235462
0.235462
0.235462
0.235462
0.235462
0.235462
0.235462
0.235462
0.235462
0.235462
0.235462
0.111535
0.111535
0.111535
0.111535
0.111535
0.111535
0.111535
0.111535
0.111535
-1.45682e+144
