0.0460243
0.0460243
0.0460243
0.184097
0.184097
0.184097
0.184097
0.184097
0.184097
0.184097
0.184097
0.184097
0.184097
0.184097
0.184097
0.276146
0.276146
0.276146
0.276146
0.276146
0.276146
0.276146
0.276146
0.276146
0.276146
0.276146
0.276146
0.276146
0.276146
0.276146
0.276146
0.276146
0.276146
0.490926
0.490926
0.490926
0.490926
0.490926
0.490926
0.490926
0.490926
0.490926
0.490926
0.490926
0.490926
0.490926
0.490926
0.490926
0.490926
0.490926
0.490926
0.490926
0.490926
0.490926
0.490926
0.490926
0.490926
0.490926
0.490926
0.490926
0.490926
0.490926
0.490926
0.490926
0.490926
0.306829
0.306829
0.306829
0.306829
0.306829
0.306829
0.306829
0.306829
0.306829
0.306829
0.306829
0.306829
0.306829
0.306829
0.306829
0.306829
0.306829
0.306829
0.306829
0.306829
0.168756
0.168756
0.168756
0.168756
0.168756
0.168756
0.168756
0.168756
0.168756
0.168756
0.168756
0.0613658
0.0613658
0.0613658
-1.45682e+144
