0.00302706
0.0107293
0.0110098
0.0177169
0.0223925
0.0246039
0.0247193
0.0288548
0.0376079
0.0385672
0.0455888
0.0474381
0.0475986
0.0623644
0.0656661
0.0679738
0.0695709
0.0752883
0.0775358
0.0796372
0.0873571
0.0916644
0.0948521
0.0992428
0.107518
0.115499
0.129053
0.135297
0.137356
0.142213
0.148671
0.157023
0.157923
0.166146
0.17307
0.190851
0.194676
0.197375
0.206073
0.207111
0.20776
0.210576
0.211705
0.218154
0.220792
0.22208
0.222657
0.222453
0.22201
0.221937
0.220962
0.220856
0.219638
0.218334
0.217448
0.212553
0.210136
0.200146
0.191885
0.183048
0.179361
0.174608
0.172374
0.1672
0.163593
0.159458
0.157208
0.155522
0.146998
0.143741
0.134534
0.118685
0.110039
0.104261
0.0971079
0.0951585
0.0850927
0.0741523
0.073995
0.0734101
0.0709243
0.0621268
0.0555506
0.051573
0.0504035
0.048408
0.0452046
0.0380936
0.0352814
0.0301026
0.0297727
0.0266634
0.0248424
0.0238973
0.020662
0.0166961
0.0152586
0.011244
0.0109908
0.00482036
