0.0196206
0.0214238
0.0618328
0.0783452
0.0967155
0.10862
0.11696
0.1199
0.137123
0.138307
0.155926
0.159683
0.161754
0.167608
0.170384
0.181415
0.196017
0.198496
0.205085
0.208045
0.209798
0.214684
0.215158
0.217864
0.217973
0.247055
0.251152
0.295355
0.296482
0.296708
0.306363
0.309254
0.312146
0.333717
0.345116
0.347684
0.353418
0.358878
0.363188
0.365314
0.367946
0.36825
0.374211
0.376112
0.377194
0.380401
0.380771
0.381047
0.382449
0.383891
0.383938
0.383927
0.383836
0.382653
0.38218
0.381913
0.381368
0.381194
0.379949
0.379026
0.378879
0.375816
0.36933
0.358481
0.354162
0.354107
0.351462
0.34825
0.345528
0.34267
0.339646
0.335382
0.324426
0.321604
0.32027
0.319258
0.28387
0.279624
0.277009
0.270742
0.267186
0.258711
0.25431
0.238773
0.224152
0.203025
0.200966
0.181984
0.179558
0.173989
0.145867
0.13339
0.121287
0.118522
0.0933676
0.0882304
0.068379
0.0545378
0.0101184
0.00825098
