0.0333778
0.0524681
0.0646104
0.115298
0.137154
0.137438
0.153439
0.16235
0.188883
0.209519
0.211242
0.213847
0.215163
0.236307
0.25147
0.269221
0.27368
0.275625
0.28036
0.286857
0.299733
0.300509
0.315798
0.325841
0.330583
0.331773
0.332201
0.333053
0.342021
0.347121
0.359083
0.37952
0.383616
0.386188
0.387933
0.388488
0.389033
0.39071
0.395275
0.395775
0.396669
0.397478
0.398292
0.398186
0.397715
0.397572
0.396243
0.395526
0.394813
0.394604
0.39433
0.393319
0.392636
0.391962
0.391889
0.389777
0.387143
0.385586
0.385585
0.383595
0.382432
0.381386
0.381179
0.380838
0.376883
0.367072
0.363745
0.358149
0.350134
0.3458
0.339228
0.338653
0.331894
0.331324
0.326336
0.320266
0.315129
0.311545
0.304666
0.303594
0.302262
0.292675
0.284474
0.279453
0.250055
0.232652
0.226788
0.225669
0.22495
0.210904
0.204078
0.185306
0.174086
0.159064
0.145464
0.143512
0.0885992
0.0585767
0.0434491
0.0260173
