0.0246592
0.0450005
0.065353
0.0903888
0.102529
0.109117
0.113777
0.127398
0.127602
0.135488
0.146643
0.149653
0.170493
0.175075
0.181417
0.189546
0.213409
0.216471
0.230698
0.233389
0.241844
0.247112
0.257177
0.275441
0.276529
0.282887
0.283725
0.288532
0.292084
0.293592
0.305153
0.308981
0.315248
0.329663
0.332548
0.33716
0.34483
0.358184
0.358654
0.362499
0.37089
0.375805
0.378484
0.383138
0.383377
0.3861
0.389016
0.390664
0.391787
0.395685
0.396381
0.396656
0.397719
0.398337
0.398716
0.398832
0.398841
0.398801
0.398693
0.397466
0.397137
0.391212
0.390756
0.389097
0.386968
0.385267
0.382614
0.374152
0.356426
0.339137
0.333745
0.330235
0.314389
0.311367
0.288158
0.28075
0.279261
0.243105
0.242086
0.240995
0.229751
0.229011
0.227767
0.22422
0.213199
0.205675
0.200765
0.194293
0.190031
0.185784
0.141034
0.123001
0.0992921
0.0963048
0.0862872
0.0332289
0.0270268
0.0112026
0.00962052
0.00621971
