0.00483596
0.00584302
0.0214293
0.0328891
0.0610123
0.0922232
0.0995948
0.102656
0.107032
0.110371
0.111888
0.147331
0.152916
0.157599
0.173432
0.17481
0.183515
0.187103
0.226951
0.237087
0.239293
0.249891
0.259817
0.264551
0.272141
0.276304
0.280377
0.281653
0.310945
0.311383
0.320329
0.325962
0.328008
0.32872
0.332098
0.332248
0.337539
0.338736
0.338759
0.339024
0.340147
0.34176
0.341959
0.341746
0.340922
0.34046
0.340174
0.339495
0.339222
0.338698
0.338057
0.337713
0.335313
0.331132
0.329756
0.327372
0.325121
0.315354
0.304701
0.304642
0.302656
0.288016
0.286395
0.282289
0.281939
0.278785
0.275973
0.273716
0.246601
0.245005
0.221109
0.220338
0.213035
0.209356
0.191382
0.189371
0.186072
0.183521
0.18292
0.18091
0.170256
0.155431
0.150811
0.136452
0.124739
0.123793
0.119365
0.0954845
0.0953269
0.0918709
0.0884488
0.0863379
0.0813025
0.0657211
0.0618049
0.052484
0.0429903
0.036484
0.0199347
0.013892
