0.0165206
0.0621382
0.0769139
0.0858239
0.105208
0.139554
0.170377
0.17678
0.18492
0.192503
0.197775
0.207011
0.215189
0.233771
0.235158
0.238116
0.258734
0.26216
0.266505
0.269695
0.276581
0.288839
0.306364
0.306934
0.30922
0.320531
0.323938
0.350809
0.370588
0.371079
0.375725
0.378017
0.378486
0.382139
0.383444
0.383649
0.38437
0.38542
0.386308
0.387221
0.388919
0.391237
0.391373
0.391448
0.392309
0.393147
0.393594
0.395583
0.395533
0.395519
0.394929
0.393084
0.390763
0.390575
0.388042
0.387822
0.383993
0.382384
0.382306
0.377382
0.376642
0.374746
0.369207
0.36362
0.362356
0.362276
0.35686
0.345544
0.335115
0.334348
0.327268
0.303059
0.299379
0.293119
0.282816
0.280104
0.270138
0.267563
0.264472
0.264355
0.244818
0.243236
0.217168
0.205233
0.189775
0.18699
0.179884
0.164312
0.1534
0.14968
0.11938
0.117198
0.114662
0.111783
0.101742
0.0974669
0.0790762
0.0697438
0.058802
0.00641854
