0.00634272
0.0100077
0.0271382
0.0297166
0.0301405
0.0336725
0.038447
0.0399459
0.0452471
0.0462521
0.0562787
0.105419
0.106195
0.129575
0.137959
0.139533
0.140858
0.14919
0.156503
0.157545
0.173619
0.17423
0.181339
0.185047
0.189623
0.192106
0.193066
0.201836
0.206249
0.220949
0.229759
0.231299
0.23452
0.237967
0.239953
0.253044
0.259664
0.264698
0.26771
0.269141
0.272118
0.278209
0.278431
0.278454
0.278605
0.280895
0.280922
0.282471
0.283139
0.288307
0.289399
0.289642
0.29028
0.292374
0.294081
0.295498
0.295545
0.294882
0.293831
0.29271
0.291729
0.289738
0.289472
0.28624
0.283082
0.279948
0.275761
0.272822
0.261844
0.255782
0.255414
0.252059
0.247284
0.244347
0.200746
0.194543
0.160766
0.143244
0.140831
0.135171
0.132796
0.131749
0.123307
0.119824
0.119192
0.112591
0.10364
0.101044
0.0966257
0.0832157
0.0792945
0.0740535
0.065347
0.0596242
0.0559744
0.0552144
0.0474968
0.0378095
0.0352639
0.0294449
