-2.7326
-2.67399
-1.96737
-1.80957
-1.66914
-1.59175
-1.54244
-1.52588
-1.43499
-1.42899
-1.34246
-1.32461
-1.31484
-1.28752
-1.2747
-1.2245
-1.15956
-1.14867
-1.11988
-1.10701
-1.0994
-1.07826
-1.07621
-1.06453
-1.06406
-0.939016
-0.921331
-0.724301
-0.719025
-0.717964
-0.671882
-0.657759
-0.64345
-0.529512
-0.461745
-0.445403
-0.40702
-0.367432
-0.333357
-0.315367
-0.291715
-0.288866
-0.226559
-0.20297
-0.188285
-0.13609
-0.128738
-0.122994
-0.0881978
-0.015864
-0.0029948
0.00802161
0.0231871
0.0819428
0.0958408
0.102888
0.115925
0.119812
0.14456
0.1605
0.162898
0.206818
0.278549
0.37043
0.40182
0.402209
0.420437
0.441732
0.459152
0.476899
0.495139
0.520029
0.580394
0.595255
0.602195
0.607428
0.777136
0.796291
0.808002
0.835845
0.851517
0.888563
0.907668
0.97465
1.03746
1.12885
1.13785
1.22194
1.23287
1.25817
1.39125
1.4541
1.51822
1.53359
1.69263
1.73036
1.90028
2.05106
3.17409
3.3101
