-2.58788
-1.92406
-1.80979
-1.74818
-1.62753
-1.44354
-1.29796
-1.26922
-1.23324
-1.20021
-1.17748
-1.13806
-1.10349
-1.02569
-1.01991
-1.00757
-0.921481
-0.907092
-0.888782
-0.875296
-0.845999
-0.793084
-0.714964
-0.712361
-0.701867
-0.648664
-0.632156
-0.490143
-0.361309
-0.357626
-0.320949
-0.301403
-0.297261
-0.262973
-0.24967
-0.247521
-0.239819
-0.228156
-0.217835
-0.20672
-0.184339
-0.148649
-0.146285
-0.144984
-0.128937
-0.111168
-0.100428
0.00154019
0.015932
0.0180461
0.0575307
0.112592
0.156585
0.159633
0.196201
0.199078
0.243875
0.260521
0.261304
0.306937
0.313265
0.328978
0.371498
0.41049
0.418893
0.419416
0.453911
0.520078
0.575998
0.579967
0.615763
0.729978
0.746528
0.774315
0.819224
0.830905
0.873416
0.884315
0.897361
0.897852
0.979638
0.986237
1.09516
1.14562
1.21204
1.22418
1.25543
1.32559
1.37645
1.39417
1.54793
1.55981
1.57377
1.58985
1.64798
1.67383
1.79441
1.86308
1.95253
3.06059
