-4.75862
-4.56945
-3.26994
-2.84156
-2.22362
-1.81049
-1.73359
-1.70331
-1.66157
-1.63085
-1.6172
-1.34202
-1.30481
-1.27464
-1.17891
-1.171
-1.1224
-1.10304
-0.905496
-0.855885
-0.844994
-0.792052
-0.741243
-0.716466
-0.675832
-0.652987
-0.630176
-0.622929
-0.436078
-0.432834
-0.361522
-0.309566
-0.28865
-0.28103
-0.241934
-0.240068
-0.161333
-0.137658
-0.137175
-0.131353
-0.103145
-0.0343308
-0.00374578
0.0354591
0.0780097
0.0937968
0.102377
0.120315
0.126821
0.138473
0.151544
0.158122
0.198146
0.253688
0.26961
0.295293
0.317804
0.402497
0.480346
0.480745
0.494165
0.58597
0.595522
0.619297
0.621298
0.639149
0.654818
0.667243
0.808608
0.8166
0.933851
0.937587
0.972872
0.990619
1.08043
1.09099
1.10856
1.12237
1.12565
1.13669
1.19739
1.28849
1.31867
1.41872
1.50848
1.51608
1.55251
1.77573
1.77738
1.81431
1.85227
1.87643
1.93652
2.14928
2.21071
2.37419
2.57372
2.73782
3.34224
3.70339
