-8.84669
-6.31591
-6.2643
-5.31284
-4.84443
-4.65607
-4.64671
-4.33732
-3.80745
-3.75707
-3.42255
-3.34302
-3.33627
-2.79589
-2.69271
-2.62363
-2.57719
-2.41923
-2.3604
-2.30692
-2.12187
-2.02561
-1.95724
-1.86674
-1.70656
-1.56336
-1.34143
-1.24693
-1.21672
-1.14723
-1.05841
-0.949094
-0.937667
-0.836138
-0.754486
-0.558888
-0.519203
-0.491595
-0.394232
-0.38127
-0.372976
-0.334935
-0.318571
-0.203653
-0.132055
-0.0761519
0.0248167
0.0494529
0.0802215
0.0842009
0.126071
0.129813
0.167075
0.199556
0.218988
0.305768
0.341126
0.462369
0.548083
0.642383
0.683081
0.736794
0.762541
0.8235
0.867119
0.91832
0.946739
0.968308
1.08103
1.12585
1.25824
1.50893
1.66021
1.76807
1.91023
1.95079
2.1744
2.44963
2.45388
2.46975
2.53865
2.80352
3.02729
3.17588
3.22176
3.30255
3.43948
3.78178
3.93516
4.25266
4.2747
4.49529
4.63677
4.71434
5.00528
5.43152
5.61159
6.2222
6.26777
7.91618
