-5.49709
-4.88902
-3.55891
-3.43789
-3.41901
-3.27126
-3.09446
-3.04347
-2.87732
-2.84803
-2.58641
-1.74958
-1.7398
-1.47449
-1.39089
-1.37577
-1.36317
-1.28654
-1.22274
-1.21389
-1.08435
-1.07966
-1.02634
-0.999355
-0.966784
-0.949438
-0.94279
-0.883563
-0.854725
-0.762925
-0.709711
-0.700236
-0.6802
-0.6584
-0.645653
-0.557337
-0.508895
-0.469649
-0.444907
-0.432761
-0.40655
-0.347856
-0.345561
-0.345326
-0.343748
-0.319043
-0.31874
-0.301003
-0.293044
-0.222933
-0.205278
-0.201157
-0.189903
-0.14726
-0.100206
-0.0207587
0.0103973
0.0678158
0.108377
0.139229
0.161571
0.199493
0.204049
0.253157
0.293736
0.329462
0.372399
0.40014
0.492196
0.537678
0.540349
0.564291
0.597224
0.616908
0.890784
0.932631
1.1869
1.34077
1.36342
1.41811
1.44175
1.45231
1.5406
1.57881
1.58585
1.66182
1.77228
1.8061
1.86571
2.06492
2.12928
2.22045
2.38722
2.50942
2.59364
2.61187
2.81262
3.11675
3.20969
3.45014
