-2.2268
-2.01346
-1.90727
-1.57461
-1.46021
-1.45879
-1.38124
-1.33975
-1.22154
-1.13349
-1.12624
-1.11531
-1.10979
-1.02184
-0.959053
-0.885077
-0.866319
-0.858107
-0.838022
-0.810224
-0.754087
-0.750649
-0.681341
-0.633725
-0.610502
-0.604588
-0.60245
-0.598184
-0.551985
-0.524484
-0.455325
-0.310831
-0.274125
-0.248562
-0.229708
-0.22339
-0.217028
-0.196214
-0.123556
-0.112856
-0.090687
-0.0644065
0.00779417
0.0243571
0.05438
0.0606247
0.101842
0.118307
0.13269
0.136621
0.141609
0.1587
0.169297
0.179165
0.180202
0.208038
0.238414
0.254752
0.25477
0.274329
0.28518
0.294628
0.296469
0.299468
0.332508
0.404123
0.426058
0.46101
0.507737
0.531704
0.566644
0.569631
0.603985
0.606826
0.631328
0.660397
0.684444
0.700959
0.73212
0.736917
0.74286
0.785052
0.820454
0.841878
0.964918
1.03699
1.06132
1.06597
1.06896
1.12766
1.15647
1.2371
1.2866
1.35492
1.41936
1.42884
1.73383
1.958
2.10505
2.336
