-2.35941
-2.08897
-1.90198
-1.72304
-1.64828
-1.61006
-1.58387
-1.51079
-1.50973
-1.46948
-1.41461
-1.40018
-1.30374
-1.28324
-1.2552
-1.21978
-1.11835
-1.10554
-1.04638
-1.03524
-1.00027
-0.978489
-0.936799
-0.860453
-0.855858
-0.828872
-0.825294
-0.80468
-0.789329
-0.78278
-0.731778
-0.714536
-0.685861
-0.617237
-0.602955
-0.579665
-0.539463
-0.463713
-0.460878
-0.437129
-0.381196
-0.344937
-0.32369
-0.283431
-0.281222
-0.25482
-0.223343
-0.203546
-0.188909
-0.126054
-0.111242
-0.104806
-0.07506
-0.0502757
-0.025041
-0.00657153
0.000594232
0.0140331
0.0272368
0.0830944
0.0925266
0.196528
0.202385
0.222411
0.245843
0.263153
0.288221
0.357491
0.474204
0.569486
0.596966
0.614422
0.689827
0.703692
0.80629
0.837972
0.844294
0.995058
0.99927
1.00378
1.0503
1.05337
1.05853
1.07325
1.11923
1.15088
1.17169
1.19933
1.21768
1.2361
1.44192
1.53386
1.66763
1.68585
1.74979
2.22941
2.32023
2.67298
2.72935
2.88473
